--
-- Table structure for table `order_details`
--

DROP TABLE IF EXISTS `order_details`;
/*!40101 SET @saved_cs_client     = @@character_set_client */;
/*!50503 SET character_set_client = utf8mb4 */;
CREATE TABLE `order_details` (
  `id` int NOT NULL AUTO_INCREMENT,
  `order_id` int DEFAULT NULL,
  `product_id` int DEFAULT NULL,
  `quantity` int NOT NULL,
  `unit_price` float NOT NULL,
  `subtotal` float NOT NULL,
  `product_cost` float NOT NULL,
  `shipping_cost` float NOT NULL,
  PRIMARY KEY (`id`),
  KEY `FKjyu2qbqt8gnvno9oe9j2s2ldk` (`order_id`),
  KEY `FK4q98utpd73imf4yhttm3w0eax` (`product_id`),
  CONSTRAINT `FK4q98utpd73imf4yhttm3w0eax` FOREIGN KEY (`product_id`) REFERENCES `products` (`id`),
  CONSTRAINT `FKjyu2qbqt8gnvno9oe9j2s2ldk` FOREIGN KEY (`order_id`) REFERENCES `orders` (`id`)
) ENGINE=InnoDB AUTO_INCREMENT=239 DEFAULT CHARSET=utf8mb4 COLLATE=utf8mb4_0900_ai_ci;
/*!40101 SET character_set_client = @saved_cs_client */;

--
-- Dumping data for table `order_details`
--

LOCK TABLES `order_details` WRITE;
/*!40000 ALTER TABLE `order_details` DISABLE KEYS */;
INSERT INTO `order_details` VALUES (1,1,1,1,599,599,479.2,3.35),(2,2,105,1,49.99,49.99,39.992,2.35),(4,2,86,1,44.84,44.84,35.872,2.25),(5,3,41,1,551.31,551.31,441.048,4.25),(6,3,53,2,79.99,159.98,63.992,0.95),(7,3,55,1,12.99,12.99,10.392,1.5),(8,4,99,1,65.59,65.59,52.472,1.86),(9,5,51,2,8.45,16.9,6.76,1.2),(10,5,45,2,11.99,23.98,9.592,1.5),(13,7,100,2,29.95,59.9,23.96,5.38),(14,8,23,1,35.19,35.19,28.152,12.88),(15,9,7,1,599.99,599.99,479.992,4.8),(16,10,48,2,10,20,8,2.57),(17,11,54,1,19.95,19.95,15.96,2.33),(19,13,61,1,1639,1639,1311.2,15.2),(20,14,99,2,65.59,131.18,52.472,0.99),(21,15,61,3,1639,4917,1311.2,36.75),(22,16,71,2,999.99,1999.98,799.992,17.5),(23,17,49,2,29.99,59.98,23.992,1.22),(24,18,23,1,35.19,35.19,28.152,3.75),(35,19,39,1,400.22,400.22,320.176,7.34),(36,19,89,2,19.99,39.98,15.992,7),(37,19,45,2,11.99,23.98,9.592,3.2),(38,18,63,1,915,915,732,12.68),(39,21,45,1,11.99,11.99,9.592,3.5),(40,22,45,1,11.99,11.99,9.592,3.65),(41,23,51,2,8.45,16.9,6.76,1),(43,24,66,1,499,499,399.2,15),(44,25,81,1,209.16,209.16,167.328,12.2),(45,26,23,1,35.19,35.19,28.15,26),(46,27,100,1,29.95,29.95,23.96,0.6),(47,28,29,1,230.33,230.33,184.264,15.56),(48,29,98,1,45.01,45.01,36.008,6.1),(49,30,99,1,65.59,65.59,52.472,2.95),(50,30,19,1,94.77,94.77,75.816,4),(51,31,79,1,365.75,365.75,292.6,12),(52,32,95,1,59.99,59.99,47.992,8.65),(53,33,41,1,551.31,551.31,441.048,3.48),(54,34,50,1,24.99,24.99,19.992,2.06),(55,35,48,3,10,30,8,30),(56,36,40,1,449,449,359.2,10.15),(57,37,104,1,74.99,74.99,59.992,40.21),(58,38,81,1,209.16,209.16,167.328,7.5),(59,39,100,2,29.95,59.9,23.96,1.24),(60,40,64,1,585.09,585.09,468.07,26.07),(61,41,40,1,449,449,359.2,10.43),(62,42,48,3,10,30,8,5.99),(63,43,1,1,599,599,479.2,13.98),(64,44,70,1,849.99,849.99,679.992,48.93),(65,45,95,1,59.99,59.99,47.992,7.75),(66,46,23,1,35.19,35.19,28.152,10.5),(67,47,81,1,209.16,209.16,167.328,11.78),(68,48,63,1,915,915,732,49),(69,49,50,1,24.99,24.99,19.992,2.95),(71,51,106,1,39.99,39.99,31.992,2.1),(72,52,1,1,599,599,479.2,5.79),(73,53,35,1,709.65,709.65,567.72,3.66),(74,54,1,1,598,598,478.4,15.35),(75,54,50,1,24.99,24.99,19.992,0.75),(76,52,51,1,8.45,8.45,6.76,1),(77,55,99,2,65.59,131.18,52.472,5),(78,55,106,1,39.99,39.99,31.992,7.25),(79,56,48,2,10,20,8,3.1),(80,56,45,1,11.99,11.99,9.59,3.33),(81,57,1,1,599,599,479.2,16.5),(82,57,23,1,35.19,35.19,28.15,6.8),(83,57,14,1,25.95,25.95,20.76,5.25),(84,58,76,1,849,849,679.2,11.51),(85,59,53,1,79.99,79.99,63.992,1.28),(86,59,55,1,12.99,12.99,10.392,2),(87,60,7,1,599.99,599.99,479.992,4.25),(88,61,48,3,10,30,8,3.23),(89,61,106,1,39.99,39.99,31.992,8.65),(90,62,73,1,598,598,478.4,4.25),(91,63,51,1,8.45,8.45,6.76,0.4),(92,63,9,1,100,100,80,1.75),(93,64,1,1,599,599,479.2,18.6),(94,64,21,1,147.25,147.25,117.8,14.5),(95,65,40,1,449,449,359.2,4.78),(96,66,55,1,12.99,12.99,10.39,3.64),(97,66,45,2,11.99,23.98,9.59,2),(98,67,63,1,915,915,732,59.7),(99,68,41,1,551.31,551.31,441.048,3.95),(100,69,88,1,55.0905,55.0905,44.0724,12.844),(101,70,64,1,585.09,585.09,468.072,22),(102,70,56,1,8.18,8.18,6.544,8),(103,71,38,1,587.99,587.99,470.392,1),(104,72,63,1,915,915,732,7.5),(105,73,83,1,400.44,400.44,320.352,6.929),(106,74,103,1,169.19,169.19,135.352,23.55),(107,74,8,1,69.29,69.29,55.432,8),(108,75,6,1,249.99,249.99,199.992,4.94),(109,75,76,1,849,849,679.2,24.8777),(110,76,68,1,349.99,349.99,279.992,13.32),(111,77,22,1,695.2,695.2,556.16,14.985),(112,78,50,1,24.99,24.99,19.992,0.999),(113,78,23,1,35.1912,35.1912,28.153,12.9367),(114,79,7,1,599.99,599.99,479.992,1.998),(115,80,50,1,24.99,24.99,19.992,0.999),(116,80,10,1,349,349,279.2,4.995),(117,81,104,1,74.99,74.99,59.992,70.0201),(118,82,40,1,449,449,359.2,10.14),(119,83,10,1,349,349,279.2,6.855),(120,84,101,2,71.99,143.98,57.592,2.964),(121,84,102,1,188.35,188.35,150.68,32.8386),(122,84,8,1,69.2937,69.2937,55.435,5.928),(123,85,15,1,179.1,179.1,143.28,8.106),(124,86,73,1,598,598,478.4,85),(125,87,41,1,551.31,551.31,441.048,4),(126,88,84,1,185,185,148,24.332),(127,89,103,1,169.191,169.191,135.353,27.2328),(128,90,41,1,551.31,551.31,441.048,1.332),(129,91,101,2,71.99,143.98,57.592,2.607),(130,92,50,2,24.99,49.98,19.992,6),(131,92,3,1,298,298,238.4,17.5),(132,92,24,1,51.168,51.168,40.9344,12),(133,93,59,1,549.99,549.99,439.992,73.26),(134,94,2,2,800,1600,640,4.49),(135,94,23,1,35.19,35.19,28.152,19.39),(136,95,1,1,599,599,479.2,20),(137,95,50,2,24.99,49.98,19.992,6),(138,96,1,1,599,599,479.2,20),(139,96,50,2,24.99,49.98,19.992,6),(140,97,1,1,599,599,479.2,20),(141,97,50,2,24.99,49.98,19.992,6),(142,98,49,2,49.99,99.98,39.992,1.05),(143,98,11,1,1950,1950,1560,3.5),(144,99,53,1,79.99,79.99,63.992,0.9),(145,99,11,1,1950,1950,1560,4.5),(146,100,72,1,399,399,319.2,30),(147,101,91,1,57.94,57.94,46.35,4.95),(148,102,85,1,213.89,213.89,171.112,5),(149,103,7,1,599.99,599.99,479.992,2),(151,102,40,1,449,449,359.2,12),(152,103,59,1,549.99,549.99,439.992,73.26),(153,103,88,2,55.09,110.18,44.072,4.33),(154,104,72,1,399,399,319.2,31.5),(155,105,95,1,59.994,59.994,47.9952,10.5),(156,106,3,1,298,298,238.4,18.375),(157,107,53,1,79.99,79.99,63.992,2.1),(158,108,85,1,213.891,213.891,171.113,21.964),(159,109,105,1,49.99,49.99,39.992,11.56),(160,109,94,1,47.99,47.99,38.392,13.872),(161,110,100,2,29.95,59.9,23.96,1.8496),(162,111,49,1,29.99,29.99,23.992,0.35),(163,111,75,1,328.99,328.99,263.192,17.34),(164,112,63,1,915,915,732,177.75),(165,113,29,1,230.33,230.33,184.264,23.7),(166,114,83,1,400.44,400.44,320.352,9.717),(167,114,103,1,169.191,169.191,135.353,37.1357),(168,115,70,1,849.99,849.99,679.992,82.95),(169,116,87,1,150.092,150.092,120.074,5.684),(170,117,99,1,65.5918,65.5918,52.4734,1.7864),(171,118,76,1,849,849,679.2,20.446),(172,119,49,1,29.994,29.994,23.9952,0.2436),(173,119,28,1,414,414,331.2,11.368),(174,120,7,1,599.99,599.99,479.992,5.07),(175,121,23,1,35.1912,35.1912,28.153,32.8273),(176,121,90,1,67.0208,67.0208,53.6166,6.76),(177,122,61,1,1639,1639,1311.2,207.025),(178,123,1,1,599,599,479.2,16.9),(179,123,53,1,79.99,79.99,63.992,1.69),(180,124,73,1,598,598,478.4,71.825),(181,125,63,1,915,915,732,126.75),(182,126,97,1,79.36,79.36,63.488,5.07),(183,126,105,1,49.99,49.99,39.992,8.45),(184,127,87,1,150.092,150.092,120.074,5.915),(185,127,90,1,67.0208,67.0208,53.6166,6.76),(186,128,49,1,29.994,29.994,23.9952,0.2535),(187,128,74,1,118.492,118.492,94.7936,10.985),(188,129,70,1,849.99,849.99,679.992,60.83),(189,130,49,1,29.994,29.994,23.9952,0.2607),(190,130,75,1,328.991,328.991,263.193,13.035),(191,131,11,1,1950,1950,1560,10.8625),(192,132,71,1,999.99,999.99,799.992,136.122),(193,133,99,1,65.5918,65.5918,52.4734,1.7116),(194,133,106,1,39.99,39.99,31.992,7.78),(195,134,73,1,598,598,478.4,73.865),(196,135,85,1,213.891,213.891,171.113,16.511),(197,135,46,1,12.9124,12.9124,10.3299,4.345),(198,136,65,1,599.99,599.99,479.992,57.0164),(199,137,63,1,915,915,732,133.2),(200,138,7,1,599.99,599.99,479.992,5.328),(201,139,83,1,400.44,400.44,320.352,2.7306),(202,139,85,1,213.891,213.891,171.113,6.327),(203,140,73,1,598,598,478.4,28.305),(204,141,2,1,789,789,631.2,2.997),(205,141,50,1,24.99,24.99,19.992,0.999),(206,142,90,1,67.0208,67.0208,53.6166,2.664),(207,142,95,1,59.994,59.994,47.9952,3.33),(208,143,22,1,695.2,695.2,556.16,14.985),(209,144,99,2,65.5918,131.184,52.4734,2.1956),(210,144,92,1,319.99,319.99,255.992,4.7405),(211,145,76,1,849,849,679.2,12.5647),(212,146,4,1,54.95,54.95,43.96,7.485),(213,146,25,1,37.1907,37.1907,29.7526,6.986),(214,147,59,1,549.99,549.99,439.992,73.26),(215,148,49,1,29.994,29.994,23.9952,0.0999),(216,148,74,1,150,150,120,4.329),(217,149,1,1,599,599,479.2,16.9),(218,150,76,1,849,849,679.2,21.277),(219,151,16,1,265.05,265.05,212.04,6.591),(220,151,23,1,35.1912,35.1912,28.153,32.8273),(221,152,99,2,65.5918,131.184,52.4734,1.4652),(222,152,87,1,150.092,150.092,120.074,2.331),(223,153,37,1,1103.2,1103.2,882.56,3.33),(224,154,79,1,365.754,365.754,292.603,3.996),(225,155,66,1,499,499,399.2,79.04),(226,156,84,1,185,185,148,27.664),(227,156,105,1,49.99,49.99,39.992,9.88),(228,157,17,1,560,560,448,6.422),(229,157,50,1,24.99,24.99,19.992,2.964),(230,158,73,1,598,598,478.4,110.5),(231,159,57,1,24.99,24.99,19.99,1.3),(232,159,45,2,11.99,23.98,9.59,11.7),(233,160,76,1,849,849,679.2,25.1799),(234,161,70,1,849.99,849.99,679.992,69.16),(235,162,100,2,29.95,59.9,23.96,0.08),(236,162,8,1,69.2937,69.2937,55.435,0.3),(237,163,2,1,789,789,631.2,4.491),(238,164,63,1,915,915,732,74.85);
/*!40000 ALTER TABLE `order_details` ENABLE KEYS */;
UNLOCK TABLES;
